0.0000, [1]
0.0000, [1]
0.0100, [1.01]
0.0200, [1.0201]
0.0300, [1.030301]
0.0400, [1.0406040099999998]
0.0500, [1.0510100500999997]
0.0600, [1.0615201506009997]
0.0700, [1.0721353521070096]
0.0800, [1.0828567056280798]
0.0900, [1.0936852726843607]
0.1000, [1.1046221254112043]
0.1100, [1.1156683466653163]
0.1200, [1.1268250301319696]
0.1300, [1.1380932804332893]
0.1400, [1.1494742132376221]
0.1500, [1.1609689553699982]
0.1600, [1.1725786449236981]
0.1700, [1.1843044313729352]
0.1800, [1.1961474756866646]
0.1900, [1.2081089504435312]
0.2000, [1.2201900399479664]
0.2100, [1.2323919403474461]
0.2200, [1.2447158597509207]
0.2300, [1.25716301834843]
0.2400, [1.2697346485319143]
0.2500, [1.2824319950172334]
0.2600, [1.2952563149674057]
0.2700, [1.3082088781170798]
0.2800, [1.3212909668982507]
0.2900, [1.3345038765672332]
0.3000, [1.3478489153329056]
0.3100, [1.3613274044862347]
0.3200, [1.3749406785310971]
0.3300, [1.3886900853164081]
0.3400, [1.4025769861695723]
0.3500, [1.416602756031268]
0.3600, [1.4307687835915806]
0.3700, [1.4450764714274964]
0.3800, [1.4595272361417713]
0.3900, [1.474122508503189]
0.4000, [1.4888637335882209]
0.4100, [1.5037523709241032]
0.4200, [1.5187898946333442]
0.4300, [1.5339777935796777]
0.4400, [1.5493175715154746]
0.4500, [1.5648107472306294]
0.4600, [1.5804588547029357]
0.4700, [1.596263443249965]
0.4800, [1.6122260776824646]
0.4900, [1.6283483384592892]
0.5000, [1.644631821843882]
0.5100, [1.661078140062321]
0.5200, [1.677688921462944]
0.5300, [1.6944658106775734]
0.5400, [1.7114104687843492]
0.5500, [1.7285245734721928]
0.5600, [1.7458098192069147]
0.5700, [1.7632679173989838]
0.5800, [1.7809005965729736]
0.5900, [1.7987096025387033]
0.6000, [1.8166966985640902]
0.6100, [1.834863665549731]
0.6200, [1.8532123022052283]
0.6300, [1.8717444252272806]
0.6400, [1.8904618694795534]
0.6500, [1.9093664881743488]
0.6600, [1.9284601530560923]
0.6700, [1.9477447545866533]
0.6800, [1.9672222021325199]
0.6900, [1.986894424153845]
0.7000, [2.0067633683953834]
0.7100, [2.026831002079337]
0.7200, [2.0470993121001304]
0.7300, [2.067570305221132]
0.7400, [2.088246008273343]
0.7500, [2.1091284683560767]
0.7600, [2.1302197530396376]
0.7700, [2.151521950570034]
0.7800, [2.1730371700757343]
0.7900, [2.194767541776492]
0.8000, [2.2167152171942566]
0.8100, [2.238882369366199]
0.8200, [2.2612711930598612]
0.8300, [2.28388390499046]
0.8400, [2.3067227440403646]
0.8500, [2.329789971480768]
0.8600, [2.353087871195576]
0.8700, [2.3766187499075317]
0.8800, [2.400384937406607]
0.8900, [2.424388786780673]
0.9000, [2.4486326746484797]
0.9100, [2.4731190013949647]
0.9200, [2.497850191408914]
0.9300, [2.5228286933230035]
0.9400, [2.5480569802562334]
0.9500, [2.573537550058796]
0.9600, [2.599272925559384]
0.9700, [2.6252656548149775]
0.9800, [2.651518311363127]
0.9900, [2.6780334944767583]
1.0000, [2.704813829421526]
